1403636579.763555500 8.03328 -0.40861 -2.40263
1403636579.768555500 7.88618 -0.424955 -2.43532
1403636579.773555500 7.82898 -0.375922 -2.46801
1403636579.778555500 7.71456 -0.40861 -2.5579
1403636579.783555500 7.65736 -0.433127 -2.63962
1403636579.788555500 7.59198 -0.465816 -2.705
1403636579.793555500 7.55112 -0.473988 -2.74586
1403636579.798555500 7.59198 -0.514849 -2.88479
1403636579.803555500 7.62467 -0.48216 -2.92565
1403636579.808555500 7.60015 -0.539366 -2.93382
1403636579.813555500 7.71456 -0.523021 -2.96651
1403636579.813555500 7.71456 -0.523021 -2.96651

1403636579.813555500 7.71456 -0.523021 -2.96651
1403636579.818555500 7.73091 -0.457644 -2.93382
1403636579.823555500 7.83715 -0.449471 -2.8521
1403636579.828555500 8.03328 -0.424955 -2.77855
1403636579.833555500 8.13135 -0.400438 -2.71317
1403636579.838555500 8.25393 -0.367749 -2.65597
1403636579.843555500 8.352 -0.416783 -2.62328
1403636579.848555500 8.29479 -0.351405 -2.5579
1403636579.853555500 8.21307 -0.384094 -2.60693
1403636579.858555500 8.24576 -0.40861 -2.67231
1403636579.863555500 8.115 -0.441299 -2.77855
1403636579.863555500 8.115 -0.441299 -2.77855

1403636579.863555500 8.115 -0.441299 -2.77855
1403636579.868555500 8.02511 -0.490333 -2.88479
1403636579.873555500 8.00059 -0.449471 -2.98286
1403636579.878555500 7.95973 -0.433127 -3.08909
1403636579.883555500 7.97608 -0.40861 -3.18716
1403636579.888555500 7.98425 -0.40861 -3.24437
1403636579.893555500 7.9679 -0.367749 -3.26888
1403636579.898555500 8.01694 -0.539366 -3.21168
1403636579.903555500 8.16404 -0.572055 -3.19533
1403636579.908555500 8.30296 -0.612916 -3.17082
1403636579.913555500 8.46641 -0.678293 -3.10544
1403636579.913555500 8.46641 -0.678293 -3.10544

1403636579.913555500 8.46641 -0.678293 -3.10544
1403636579.918555500 8.62985 -0.596571 -3.08909
1403636579.923555500 8.69523 -0.490333 -3.04823
1403636579.928555500 8.74426 -0.465816 -3.03189
1403636579.933555500 8.76061 -0.375922 -3.04823
1403636579.938555500 8.68706 -0.359577 -3.07275
1403636579.943555500 8.63802 -0.351405 -3.12996
1403636579.948555500 8.62168 -0.212477 -3.17899
1403636579.953555500 8.59716 -0.122583 -3.17899
1403636579.958555500 8.58082 -0.0735499 -3.19533
1403636579.963555500 8.58899 -0.122583 -3.28523
1403636579.963555500 8.58899 -0.122583 -3.28523

1403636579.963555500 8.58899 -0.122583 -3.28523
1403636579.968555500 8.52361 -0.196133 -3.26888
1403636579.973555500 8.4991 -0.326888 -3.22802
1403636579.978555500 8.5563 -0.539366 -3.23619
1403636579.983555500 8.52361 -0.686466 -3.21168
1403636579.988555500 8.58082 -0.84991 -3.23619
1403636579.993555500 8.63802 -0.866254 -3.23619
1403636579.998555500 8.63802 -0.866254 -3.21985
1403636580.003555500 8.67071 -0.825393 -3.22802
1403636580.008555500 8.74426 -0.539366 -3.31792
1403636580.013555500 8.80964 -0.367749 -3.38329
1403636580.013555500 8.80964 -0.367749 -3.38329

