1403636579.813555
dp: 0.009681 -0.000540 -0.003252
dv: 0.384300 -0.022840 -0.135742
dq: 0.999993 -0.002747 0.002060 0.001315
1403636579.863555
dp: 0.010007 -0.000538 -0.003472
dv: 0.405170 -0.020875 -0.135889
dq: 0.999996 -0.002372 -0.001733 0.000296
1403636579.913555
dp: 0.010032 -0.000562 -0.003804
dv: 0.404040 -0.023875 -0.154398
dq: 0.999988 -0.001086 -0.004476 0.001564
1403636579.963556
dp: 0.010838 -0.000545 -0.003821
dv: 0.433227 -0.016552 -0.153638
dq: 0.999982 -0.000099 -0.005544 0.002078
1403636580.013556
dp: 0.010718 -0.000618 -0.004024
dv: 0.431165 -0.028439 -0.160713
dq: 0.999984 -0.000070 -0.004378 0.003692
1403636580.063555
dp: 0.011447 -0.000013 -0.004211
dv: 0.466150 -0.000877 -0.167558
dq: 0.999991 -0.000374 -0.003075 0.002840
1403636580.113555
dp: 0.011735 -0.000655 -0.004458
dv: 0.468041 -0.025653 -0.183818
dq: 0.999989 0.000256 -0.001958 0.004226
1403636580.163555
dp: 0.011959 -0.000463 -0.004688
dv: 0.482895 -0.016013 -0.183874
dq: 0.999994 0.000314 -0.001373 0.003261
1403636580.213556
dp: 0.012117 -0.000509 -0.004647
dv: 0.486167 -0.020918 -0.190115
dq: 0.999996 0.000328 -0.001724 0.002093
1403636580.263556
dp: 0.012364 -0.000757 -0.004800
dv: 0.493163 -0.027875 -0.192011
dq: 0.999997 0.000041 -0.002119 0.001389
1403636580.313555
dp: 0.012229 -0.000464 -0.005228
dv: 0.486662 -0.019703 -0.208284
dq: 0.999994 -0.000370 -0.003360 -0.000457
1403636580.363555
dp: 0.011866 -0.000720 -0.004882
dv: 0.479177 -0.023012 -0.195995
dq: 0.999986 0.000895 -0.005049 0.001535
1403636580.413555
dp: 0.012530 -0.000304 -0.005081
dv: 0.504061 -0.015457 -0.203292
dq: 0.999975 -0.000269 -0.007057 0.000704
1403636580.463556
dp: 0.013111 -0.000631 -0.005514
dv: 0.532458 -0.022534 -0.220875
dq: 0.999965 0.000375 -0.008216 0.001752
1403636580.513556
dp: 0.014095 -0.000456 -0.005934
dv: 0.575327 -0.019770 -0.242401
dq: 0.999966 -0.000033 -0.008066 0.001859
1403636580.563555
dp: 0.015149 -0.000432 -0.006834
dv: 0.604766 -0.016430 -0.274465
dq: 0.999976 0.001008 -0.006046 0.003116
1403636580.613555
dp: 0.015285 -0.000656 -0.006992
dv: 0.611603 -0.024813 -0.279317
dq: 0.999994 0.001400 -0.002037 0.002600
1403636580.663555
dp: 0.014581 -0.000625 -0.006794
dv: 0.581885 -0.025591 -0.267765
dq: 0.999997 0.000065 0.001784 0.001862
1403636580.713556
dp: 0.014206 -0.000317 -0.006377
dv: 0.558441 -0.012373 -0.254549
dq: 0.999989 -0.001523 0.004432 0.000042
1403636580.763556
dp: 0.013552 -0.000325 -0.005930
dv: 0.543541 -0.012153 -0.236286
dq: 0.999979 -0.002564 0.005903 -0.001091
1403636580.813555
dp: 0.012651 -0.000436 -0.005903
dv: 0.501021 -0.017543 -0.235997
dq: 0.999968 -0.003719 0.007034 -0.001191
1403636580.863555
dp: 0.012493 -0.000290 -0.005324
dv: 0.486511 -0.008783 -0.211241
dq: 0.999953 -0.005273 0.008005 -0.001283
1403636580.913555
dp: 0.010750 -0.000492 -0.005008
dv: 0.433842 -0.023802 -0.198682
dq: 0.999950 -0.005535 0.008212 -0.001432
1403636580.963556
dp: 0.010727 -0.000309 -0.004681
dv: 0.419475 -0.006492 -0.188058
dq: 0.999963 -0.002390 0.008222 0.000146
1403636581.013556
dp: 0.010033 -0.000002 -0.004232
dv: 0.399278 -0.003267 -0.166974
dq: 0.999971 -0.000308 0.007551 0.000712
1403636581.063555
dp: 0.010451 0.000301 -0.004141
dv: 0.417764 0.019098 -0.167670
dq: 0.999970 0.000760 0.007260 0.002678
1403636581.113555
dp: 0.010221 0.000307 -0.003774
dv: 0.407266 0.008923 -0.148992
dq: 0.999970 -0.000534 0.007156 0.002911
1403636581.163555
dp: 0.010017 0.000255 -0.003959
dv: 0.399532 0.015474 -0.161265
dq: 0.999952 -0.000637 0.008428 0.004975
1403636581.213556
dp: 0.009745 0.000285 -0.003637
dv: 0.391095 0.004815 -0.143519
dq: 0.999955 -0.000546 0.008641 0.003879
1403636581.263556
dp: 0.009750 -0.000055 -0.003730
dv: 0.383724 -0.000346 -0.150598
dq: 0.999946 -0.000097 0.009396 0.004513
1403636581.313555
dp: 0.008349 -0.000071 -0.003163
dv: 0.325685 -0.008923 -0.119797
dq: 0.999966 0.000282 0.008094 0.001190
1403636581.363555
dp: 0.007790 -0.000137 -0.002238
dv: 0.307197 0.002647 -0.088702
dq: 0.999981 -0.000623 0.005760 0.001939
1403636581.413555
dp: 0.007339 0.000292 -0.002169
dv: 0.292786 0.006385 -0.086405
dq: 0.999996 -0.002203 0.001764 -0.000540
1403636581.463556
dp: 0.007480 -0.000074 -0.001803
dv: 0.299733 0.000254 -0.075926
dq: 0.999997 -0.001318 -0.001853 -0.000941
1403636581.513556
dp: 0.008077 0.000013 -0.002383
dv: 0.330894 0.001003 -0.087641
dq: 0.999988 -0.001283 -0.004708 -0.000735
1403636581.563555
dp: 0.008653 -0.000198 -0.001883
dv: 0.351315 -0.007319 -0.087162
dq: 0.999979 -0.000758 -0.005695 0.003141
1403636581.613555
dp: 0.010294 0.000295 -0.003036
dv: 0.408426 0.007377 -0.119438
dq: 0.999977 0.000899 -0.005969 0.003129
1403636581.663555
dp: 0.010146 0.000252 -0.003309
dv: 0.422566 0.018015 -0.135647
dq: 0.999981 0.000549 -0.004443 0.004248
1403636581.713556
dp: 0.011335 0.000211 -0.003758
dv: 0.440845 0.001507 -0.150901
dq: 0.999995 0.000537 -0.003018 0.000218
1403636581.763556
dp: 0.011053 -0.000032 -0.003918
dv: 0.451828 -0.003126 -0.162230
dq: 0.999991 0.001307 -0.001163 0.003785
1403636581.813555
dp: 0.011120 -0.000570 -0.004620
dv: 0.444202 -0.016975 -0.178606
dq: 0.999993 0.002956 -0.001024 0.001976
1403636581.863555
dp: 0.011665 0.000162 -0.003738
dv: 0.463854 -0.001463 -0.156056
dq: 0.999994 0.001069 -0.001751 0.002646
1403636581.913555
dp: 0.011936 -0.000766 -0.004399
dv: 0.481654 -0.018159 -0.172794
dq: 0.999981 0.001646 -0.004236 0.004237
1403636581.963556
dp: 0.012210 0.000114 -0.004412
dv: 0.493270 -0.005080 -0.171306
dq: 0.999973 -0.002225 -0.006157 0.003217
1403636582.013556
dp: 0.012678 -0.000115 -0.004368
dv: 0.505238 -0.002124 -0.183856
dq: 0.999964 -0.001992 -0.007485 0.003516
1403636582.063555
dp: 0.013017 -0.000528 -0.005252
dv: 0.532073 -0.019327 -0.206380
dq: 0.999964 -0.001853 -0.008106 0.001591
1403636582.113555
dp: 0.013708 -0.000169 -0.005625
dv: 0.549942 -0.011508 -0.230172
dq: 0.999967 0.000229 -0.008027 0.001111
1403636582.163555
dp: 0.014469 -0.000506 -0.006100
dv: 0.582950 -0.013366 -0.242389
dq: 0.999973 0.001697 -0.006673 0.002489
1403636582.213556
dp: 0.014865 -0.000015 -0.006202
dv: 0.600309 -0.000856 -0.247328
dq: 0.999984 0.001635 -0.005275 0.001370
1403636582.263556
dp: 0.015355 -0.000010 -0.006290
dv: 0.617707 -0.001974 -0.253489
dq: 0.999993 0.000886 -0.003053 0.001705
1403636582.313555
dp: 0.015493 -0.000372 -0.006897
dv: 0.614940 -0.013511 -0.277142
dq: 0.999997 0.001391 -0.000556 0.001956
1403636582.363555
dp: 0.014641 -0.000318 -0.006797
dv: 0.578669 -0.012838 -0.269919
dq: 0.999991 0.001010 0.003091 0.002720
1403636582.413555
dp: 0.013373 -0.000052 -0.006276
dv: 0.528504 0.001298 -0.247487
dq: 0.999974 0.000386 0.006960 0.001982
1403636582.463556
dp: 0.012685 -0.000124 -0.005375
dv: 0.505130 -0.001730 -0.213392
dq: 0.999962 -0.000088 0.008325 0.002442
1403636582.513556
dp: 0.012372 0.000231 -0.005239
dv: 0.491698 0.005340 -0.209429
dq: 0.999974 -0.001492 0.007116 0.000043
1403636582.563555
dp: 0.011665 -0.000144 -0.004945
dv: 0.460582 -0.000042 -0.197208
dq: 0.999981 -0.001892 0.005625 0.001685
1403636582.613555
dp: 0.011701 0.000337 -0.004764
dv: 0.468286 0.007335 -0.190807
dq: 0.999989 -0.003037 0.003663 -0.000146
1403636582.663555
dp: 0.011073 0.000061 -0.004763
dv: 0.437524 0.002981 -0.189023
dq: 0.999990 -0.002844 0.002966 0.001901
1403636582.713556
dp: 0.011221 0.000263 -0.004163
dv: 0.459738 0.012412 -0.162608
dq: 0.999991 -0.001279 0.002934 0.002654
1403636582.763556
dp: 0.011491 0.000295 -0.004215
dv: 0.445701 0.010894 -0.170884
dq: 0.999982 -0.002178 0.003998 0.003953
1403636582.813555
dp: 0.011224 0.000276 -0.004090
dv: 0.459996 0.013565 -0.166191
dq: 0.999969 -0.003306 0.005432 0.004613
1403636582.863555
dp: 0.011348 -0.000062 -0.004407
dv: 0.433429 -0.006059 -0.178142
dq: 0.999953 -0.004596 0.007270 0.004525
1403636582.913555
dp: 0.009905 -0.000293 -0.004033
dv: 0.401078 -0.007321 -0.158227
dq: 0.999945 -0.003187 0.008769 0.004709
1403636582.963556
dp: 0.009652 -0.000307 -0.003655
dv: 0.371923 -0.014761 -0.144840
dq: 0.999954 -0.001780 0.009131 0.002452
1403636583.013556
dp: 0.008301 -0.000315 -0.003050
dv: 0.331775 -0.010002 -0.119725
dq: 0.999956 -0.001817 0.008896 0.002492
1403636583.063555
dp: 0.007967 -0.000258 -0.002418
dv: 0.319665 -0.011771 -0.094536
dq: 0.999982 0.000053 0.005905 0.000841
1403636583.113555
dp: 0.007987 0.000075 -0.002225
dv: 0.314932 0.004431 -0.086452
dq: 0.999995 -0.000980 0.002868 0.000993
1403636583.163555
dp: 0.007187 -0.000232 -0.002173
dv: 0.291031 -0.008531 -0.088607
dq: 0.999998 -0.002052 0.000672 -0.000260
1403636583.213556
dp: 0.008274 -0.000402 -0.002017
dv: 0.328585 -0.019626 -0.082443
dq: 1.000000 -0.000614 -0.000672 -0.000045
1403636583.263556
dp: 0.008404 0.000166 -0.002427
dv: 0.352747 0.011132 -0.096058
dq: 0.999998 0.000736 -0.001365 0.001163
1403636583.313555
dp: 0.009579 -0.000125 -0.002437
dv: 0.376375 0.002225 -0.098004
dq: 0.999996 0.000841 -0.001561 0.002003
1403636583.363555
dp: 0.009595 0.000599 -0.003120
dv: 0.388864 0.015854 -0.128049
dq: 0.999997 0.000743 -0.001853 0.001314
1403636583.413555
dp: 0.010486 0.000113 -0.002954
dv: 0.413542 0.013582 -0.125884
dq: 0.999992 0.002186 -0.001858 0.002816
1403636583.463556
dp: 0.010396 -0.000305 -0.003976
dv: 0.432968 -0.014246 -0.147969
dq: 0.999994 0.002223 -0.002768 -0.000006
1403636583.513556
dp: 0.011289 0.000322 -0.003374
dv: 0.444061 0.016902 -0.144273
dq: 0.999994 0.001457 -0.002684 0.001355
1403636583.563555
dp: 0.011505 -0.000052 -0.003760
dv: 0.462383 -0.006221 -0.141144
dq: 0.999993 0.000232 -0.003830 0.000026
1403636583.613555
dp: 0.011270 0.000130 -0.003601
dv: 0.453263 0.005653 -0.154001
dq: 0.999984 -0.002515 -0.004999 0.000379
1403636583.663555
dp: 0.011825 -0.000871 -0.004566
dv: 0.477939 -0.026291 -0.180984
dq: 0.999959 0.002954 -0.007795 0.003485
1403636583.713556
dp: 0.012595 0.000407 -0.004575
dv: 0.505608 0.012664 -0.185232
dq: 0.999932 0.001696 -0.010086 0.005606
1403636583.763556
dp: 0.012534 0.000023 -0.004922
dv: 0.502137 0.000414 -0.197596
dq: 0.999921 0.002114 -0.011002 0.005620
1403636583.813555
dp: 0.012601 -0.000104 -0.005403
dv: 0.508480 -0.004006 -0.210876
dq: 0.999943 0.000286 -0.009658 0.004598
1403636583.863555
dp: 0.012374 -0.000236 -0.005358
dv: 0.496137 -0.004296 -0.220089
dq: 0.999973 -0.000153 -0.007061 0.002166
1403636583.913555
dp: 0.013060 -0.000115 -0.005913
dv: 0.525122 -0.011424 -0.236446
dq: 0.999988 -0.000857 -0.004634 -0.001119
1403636583.963556
dp: 0.013172 -0.000408 -0.006332
dv: 0.529690 -0.016802 -0.253659
dq: 0.999995 0.001241 -0.002589 -0.001367
1403636584.013556
dp: 0.013867 -0.000499 -0.006261
dv: 0.558238 -0.016600 -0.250237
dq: 0.999996 0.002657 -0.000837 0.000149
1403636584.063555
dp: 0.014024 -0.000133 -0.006361
dv: 0.566140 -0.000690 -0.252330
dq: 0.999993 0.003625 0.000501 0.000822
1403636584.113555
dp: 0.014853 0.000207 -0.005994
dv: 0.589857 0.008040 -0.241776
dq: 0.999993 0.002952 0.000598 0.002107
1403636584.163555
dp: 0.014626 0.000005 -0.006387
dv: 0.587575 0.002788 -0.256031
dq: 0.999997 0.001925 0.000398 0.001569
1403636584.213556
dp: 0.014031 0.000063 -0.006295
dv: 0.551313 0.000156 -0.251708
dq: 0.999999 0.000563 0.000751 0.001202
1403636584.263556
dp: 0.013549 -0.000107 -0.006198
dv: 0.536518 -0.002933 -0.244210
dq: 0.999996 0.000081 0.002022 0.002035
1403636584.313555
dp: 0.012393 -0.000050 -0.005578
dv: 0.496955 0.000009 -0.222934
dq: 0.999995 -0.000219 0.002645 0.001782
1403636584.363555
dp: 0.013186 0.000411 -0.005482
dv: 0.526457 0.019214 -0.217839
dq: 0.999996 -0.001329 0.002325 0.000494
1403636584.413555
dp: 0.012174 0.000212 -0.005503
dv: 0.484446 0.003712 -0.218551
dq: 0.999988 -0.004068 0.002481 -0.001249
1403636584.463556
dp: 0.011983 0.000193 -0.005124
dv: 0.472589 0.006877 -0.208553
dq: 0.999986 -0.003592 0.003905 -0.000456
1403636584.513556
dp: 0.011703 -0.000251 -0.005464
dv: 0.468499 -0.009028 -0.213327
dq: 0.999982 -0.002035 0.005578 0.001125
1403636584.563555
dp: 0.011273 0.000419 -0.004870
dv: 0.454101 0.016759 -0.196693
dq: 0.999967 -0.001921 0.007331 0.002926
1403636584.613555
dp: 0.011280 0.000037 -0.004947
dv: 0.439257 0.002948 -0.197286
dq: 0.999949 -0.002720 0.009295 0.003017
1403636584.663555
dp: 0.010470 0.000203 -0.004634
dv: 0.421607 0.008481 -0.189012
dq: 0.999927 -0.003990 0.010888 0.003509
1403636584.713556
dp: 0.010240 0.000046 -0.004536
dv: 0.398661 0.002412 -0.176397
dq: 0.999925 -0.003337 0.011494 0.002400
1403636584.763556
dp: 0.010093 0.000212 -0.003641
dv: 0.410966 0.010329 -0.146026
dq: 0.999883 -0.004074 -0.014461 0.002878
1403636584.813555
dp: 0.009975 -0.000044 -0.003862
dv: 0.385377 -0.002734 -0.150385
dq: 0.999956 -0.001945 0.008843 0.002293
1403636584.863555
dp: 0.009125 0.000022 -0.003158
dv: 0.366290 0.004646 -0.127831
dq: 0.999962 -0.001080 0.007304 0.004577
1403636584.913555
dp: 0.008867 0.000009 -0.002771
dv: 0.340383 -0.001239 -0.105269
dq: 0.999979 0.000361 0.005231 0.003722
1403636584.963556
dp: 0.008160 0.000341 -0.001973
dv: 0.330319 0.019736 -0.078205
dq: 0.999982 -0.001045 0.002931 0.005214
1403636585.013556
dp: 0.008181 0.000180 -0.001892
dv: 0.322345 0.002261 -0.078435
dq: 0.999993 -0.001913 0.000187 0.003232
1403636585.063555
dp: 0.008172 0.000305 -0.002375
dv: 0.334994 0.013013 -0.093865
dq: 0.999993 -0.001863 -0.001164 0.003154
1403636585.113555
dp: 0.008692 -0.000151 -0.002174
dv: 0.343482 -0.000754 -0.091629
dq: 0.999996 -0.000328 -0.001817 0.002361
1403636585.163555
dp: 0.008989 0.000526 -0.002652
dv: 0.370286 0.018615 -0.103399
dq: 0.999991 -0.002581 -0.002324 0.002513
1403636585.213556
dp: 0.009617 0.000330 -0.002775
dv: 0.387061 0.015628 -0.113228
dq: 0.999991 -0.002887 -0.002649 0.001420
1403636585.263556
dp: 0.010552 0.000514 -0.003026
dv: 0.427360 0.012178 -0.124774
dq: 0.999990 -0.003241 -0.002741 -0.001423
1403636585.313555
dp: 0.010732 0.000411 -0.003479
dv: 0.432607 0.019935 -0.139588
dq: 0.999994 -0.002531 -0.002347 -0.000963
1403636585.363555
dp: 0.011073 -0.000027 -0.003814
dv: 0.447535 0.001292 -0.152562
dq: 0.999992 -0.001309 -0.002555 -0.002747
1403636585.413555
dp: 0.011951 0.000310 -0.003748
dv: 0.476746 0.008694 -0.155680
dq: 0.999995 -0.000494 -0.003048 -0.000321
1403636585.463556
dp: 0.011049 0.000195 -0.004906
dv: 0.446450 0.008249 -0.194343
dq: 0.999987 0.003190 -0.004079 -0.000078
1403636585.513556
dp: 0.012220 0.000545 -0.004451
dv: 0.492404 0.021307 -0.182007
dq: 0.999985 0.002689 -0.004769 0.000468
1403636585.563555
dp: 0.011890 0.000180 -0.005674
dv: 0.482092 0.013532 -0.226747
dq: 0.999968 0.005951 -0.005175 0.000922
1403636585.613555
dp: 0.012743 0.000341 -0.005162
dv: 0.513808 0.014076 -0.201243
dq: 0.999960 0.006671 -0.005537 0.002116
1403636585.663555
dp: 0.013398 0.000414 -0.005290
dv: 0.531486 0.011568 -0.218382
dq: 0.999953 0.006424 -0.006189 0.003761
1403636585.713556
dp: 0.012717 0.000210 -0.005223
dv: 0.515429 0.017007 -0.200842
dq: 0.999947 0.006373 -0.006732 0.004494
1403636585.763556
dp: 0.013444 0.000263 -0.005096
dv: 0.533258 0.002741 -0.207406
dq: 0.999954 0.004115 -0.007290 0.004766
1403636585.813555
dp: 0.012333 -0.000165 -0.005491
dv: 0.492741 -0.001411 -0.217899
dq: 0.999945 0.004556 -0.007410 0.005843
1403636585.863555
dp: 0.012845 0.000054 -0.005414
dv: 0.511687 -0.001307 -0.215532
dq: 0.999942 0.003689 -0.008668 0.005250
1403636585.913555
dp: 0.011815 -0.000234 -0.005519
dv: 0.469001 -0.006265 -0.216781
dq: 0.999946 0.002564 -0.008810 0.004842
1403636585.963556
dp: 0.011603 0.000049 -0.005034
dv: 0.463044 0.000892 -0.200338
dq: 0.999939 -0.000322 -0.010174 0.004400
1403636586.013556
dp: 0.011227 -0.000518 -0.005635
dv: 0.448658 -0.015900 -0.225458
dq: 0.999918 -0.003365 -0.011503 0.004495
1403636586.063555
dp: 0.010979 -0.000084 -0.005728
dv: 0.438870 -0.010256 -0.232370
dq: 0.999900 -0.007020 -0.011897 0.003095
1403636586.113555
dp: 0.010748 -0.001332 -0.006637
dv: 0.427369 -0.046693 -0.262797
dq: 0.999917 -0.006541 -0.010260 0.004324
1403636586.163555
dp: 0.010652 -0.000368 -0.006445
dv: 0.423760 -0.016233 -0.260003
dq: 0.999935 -0.005355 -0.008935 0.004606
1403636586.213556
dp: 0.009739 -0.000424 -0.006968
dv: 0.387659 -0.014030 -0.278386
dq: 0.999954 -0.002429 -0.008147 0.004448
1403636586.263556
dp: 0.009982 0.000181 -0.006818
dv: 0.398809 0.009416 -0.271354
dq: 0.999953 -0.000907 -0.009017 0.003406
1403636586.313555
dp: 0.009721 -0.000082 -0.007105
dv: 0.384388 -0.001876 -0.286604
dq: 0.999944 -0.000882 -0.009547 0.004584
1403636586.363555
dp: 0.009421 0.000206 -0.007255
dv: 0.382276 0.005666 -0.289335
dq: 0.999942 -0.000924 -0.009914 0.004070
1403636586.413555
dp: 0.009308 -0.000337 -0.007548
dv: 0.368314 -0.009053 -0.301925
dq: 0.999940 -0.000499 -0.009805 0.004837
1403636586.463556
dp: 0.009762 0.000277 -0.007670
dv: 0.393340 0.008059 -0.305891
dq: 0.999955 -0.000496 -0.009286 0.001882
1403636586.513556
dp: 0.009600 0.000111 -0.007613
dv: 0.389159 0.002171 -0.302745
dq: 0.999967 -0.000308 -0.008049 0.001111
1403636586.563555
dp: 0.009934 -0.000004 -0.007718
dv: 0.394752 0.003870 -0.306868
dq: 0.999980 0.000977 -0.006180 0.000938
1403636586.613555
dp: 0.009869 0.000026 -0.007568
dv: 0.394509 0.000570 -0.300693
dq: 0.999993 0.001146 -0.003344 0.001225
1403636586.663555
dp: 0.009551 0.000283 -0.007635
dv: 0.382671 0.006681 -0.306386
dq: 0.999996 0.000015 -0.000071 0.002714
1403636586.713556
dp: 0.009098 -0.000525 -0.007603
dv: 0.360160 -0.022018 -0.303009
dq: 0.999993 0.001005 0.003041 0.001876
1403636586.763556
dp: 0.009143 -0.000574 -0.007447
dv: 0.371358 -0.019747 -0.298979
dq: 0.999984 0.002484 0.004342 0.002572
1403636586.813555
dp: 0.009295 -0.000035 -0.007629
dv: 0.363750 -0.007928 -0.305219
dq: 0.999985 0.001989 0.004744 0.001861
1403636586.863555
dp: 0.008590 -0.001593 -0.007605
dv: 0.347320 -0.061678 -0.306216
dq: 0.999990 0.000978 0.004333 0.000972
1403636586.913555
dp: 0.009360 -0.001039 -0.007740
dv: 0.373458 -0.040913 -0.309780
dq: 0.999993 0.001304 0.003397 -0.000412
1403636586.963556
dp: 0.009256 -0.000705 -0.007778
dv: 0.376373 -0.021781 -0.311106
dq: 0.999994 0.001990 0.002771 0.000483
1403636587.013556
dp: 0.009778 -0.000530 -0.007711
dv: 0.381584 -0.024393 -0.309274
dq: 0.999996 0.001896 0.001592 -0.001319
1403636587.063555
dp: 0.009203 -0.000320 -0.007855
dv: 0.373743 -0.008289 -0.315912
dq: 0.999999 0.001094 -0.000205 0.000539
1403636587.113555
dp: 0.009454 -0.000070 -0.007737
dv: 0.372806 0.000102 -0.306813
dq: 0.999998 0.000711 -0.001917 -0.000233
1403636587.163555
dp: 0.009149 0.000374 -0.007763
dv: 0.370411 0.014748 -0.310907
dq: 0.999998 0.000004 -0.001936 0.000381
1403636587.213556
dp: 0.009284 0.000296 -0.007784
dv: 0.368448 0.015238 -0.311745
dq: 0.999998 0.000655 -0.000963 0.001441
1403636587.263556
dp: 0.009316 0.000542 -0.007783
dv: 0.374448 0.020443 -0.311150
dq: 0.999996 -0.000374 -0.000466 0.002651
1403636587.313555
dp: 0.009318 -0.000531 -0.007853
dv: 0.373028 -0.018985 -0.313670
dq: 0.999995 -0.000541 -0.000085 0.003088
1403636587.363555
dp: 0.009516 0.000427 -0.007820
dv: 0.379347 0.014882 -0.315050
dq: 0.999994 -0.001180 -0.000251 0.003130
1403636587.413555
dp: 0.009016 0.000476 -0.008061
dv: 0.360189 0.020804 -0.321315
dq: 0.999994 -0.000919 -0.000306 0.003411
1403636587.463556
dp: 0.009215 0.000406 -0.008122
dv: 0.370220 0.015931 -0.325501
dq: 0.999991 -0.000662 -0.000597 0.004170
1403636587.513556
dp: 0.009059 0.000459 -0.008173
dv: 0.361608 0.019468 -0.327402
dq: 0.999991 -0.000447 -0.000560 0.004242
1403636587.563555
dp: 0.009298 0.000340 -0.008179
dv: 0.372895 0.011658 -0.323975
dq: 0.999992 -0.000638 -0.000090 0.003915
1403636587.613555
dp: 0.009309 0.000095 -0.008182
dv: 0.374469 0.003338 -0.329266
dq: 0.999989 -0.001607 0.001015 0.004214
1403636587.663555
dp: 0.009442 -0.000100 -0.007899
dv: 0.376213 -0.002615 -0.315152
dq: 0.999985 -0.001747 0.002811 0.004298
1403636587.713556
dp: 0.009425 -0.000322 -0.008117
dv: 0.375973 -0.015320 -0.324136
dq: 0.999978 -0.002371 0.004008 0.004766
1403636587.763556
dp: 0.009033 -0.000427 -0.007902
dv: 0.361081 -0.016080 -0.317026
dq: 0.999972 -0.002636 0.004440 0.005382
1403636587.813555
dp: 0.008985 -0.000561 -0.007758
dv: 0.357273 -0.024340 -0.309645
dq: 0.999978 -0.003301 0.003449 0.004554
1403636587.863555
dp: 0.008723 -0.000686 -0.007670
dv: 0.348393 -0.028339 -0.305361
dq: 0.999983 -0.002952 0.001579 0.004721
1403636587.913555
dp: 0.008828 -0.000774 -0.007763
dv: 0.353851 -0.032445 -0.311855
dq: 0.999988 -0.003195 -0.000607 0.003780
1403636587.963556
dp: 0.008884 -0.000784 -0.007760
dv: 0.357710 -0.033341 -0.312891
dq: 0.999979 -0.004568 -0.002997 0.003566
1403636588.013556
dp: 0.009084 -0.000975 -0.007984
dv: 0.361144 -0.040561 -0.314648
dq: 0.999970 -0.005393 -0.004745 0.002892
1403636588.063555
dp: 0.008957 -0.001496 -0.007822
dv: 0.359919 -0.061615 -0.315658
dq: 0.999973 -0.003897 -0.004203 0.004563
1403636588.113555
dp: 0.008913 -0.001246 -0.008155
dv: 0.357589 -0.045242 -0.328625
dq: 0.999990 -0.001021 -0.002855 0.003305
1403636588.163555
dp: 0.009109 -0.001142 -0.008269
dv: 0.363190 -0.049906 -0.326772
dq: 0.999997 -0.000930 -0.001368 0.001607
1403636588.213556
dp: 0.008816 -0.001464 -0.008359
dv: 0.355021 -0.056378 -0.336945
dq: 0.999998 0.000467 0.000193 0.001759
1403636588.263556
dp: 0.009071 -0.001591 -0.008223
dv: 0.362536 -0.065601 -0.329897
dq: 0.999996 0.000813 0.001403 0.002245
1403636588.313555
dp: 0.008981 -0.001411 -0.008644
dv: 0.356867 -0.054983 -0.342938
dq: 0.999993 0.001468 0.002217 0.002776
1403636588.363555
dp: 0.008942 -0.001590 -0.008233
dv: 0.357722 -0.063302 -0.333813
dq: 0.999993 0.001806 0.002333 0.002140
1403636588.413555
dp: 0.008762 -0.001388 -0.008508
dv: 0.352047 -0.056548 -0.337589
dq: 0.999992 0.000813 0.002100 0.003187
1403636588.463556
dp: 0.009196 -0.001526 -0.008313
dv: 0.367523 -0.055368 -0.336215
dq: 0.999996 0.000097 0.001040 0.002685
1403636588.513556
dp: 0.009230 -0.001474 -0.008774
dv: 0.371873 -0.063838 -0.347771
dq: 0.999997 -0.001999 0.000108 0.001286
1403636588.563555
dp: 0.009400 -0.001537 -0.008327
dv: 0.371018 -0.063249 -0.333607
dq: 0.999998 -0.001284 0.000687 0.001407
1403636588.613555
dp: 0.008812 -0.001734 -0.008525
dv: 0.355996 -0.065498 -0.340548
dq: 0.999997 0.000096 0.000938 0.002065
1403636588.663555
dp: 0.008893 -0.001226 -0.008053
dv: 0.347262 -0.050740 -0.319317
dq: 0.999998 0.000705 0.000988 0.001471
1403636588.713556
dp: 0.008333 -0.001512 -0.008095
dv: 0.338939 -0.055591 -0.322547
dq: 0.999996 0.001938 -0.000046 0.002072
1403636588.763556
dp: 0.008938 -0.000966 -0.007772
dv: 0.357089 -0.040879 -0.313534
dq: 0.999997 0.002074 -0.000973 0.000268
1403636588.813555
dp: 0.009006 -0.001273 -0.007936
dv: 0.360436 -0.049053 -0.315500
dq: 0.999997 0.001864 -0.001095 0.000861
1403636588.863555
dp: 0.008954 -0.001546 -0.008105
dv: 0.362278 -0.063768 -0.327661
dq: 0.999997 0.002137 -0.000392 0.001343
1403636588.913555
dp: 0.009146 -0.001155 -0.008385
dv: 0.362353 -0.043152 -0.337059
dq: 0.999995 0.002665 0.000543 0.001350
1403636588.963556
dp: 0.009304 -0.001237 -0.008396
dv: 0.371383 -0.047642 -0.334497
dq: 0.999996 0.002440 0.001188 0.000489
1403636589.013556
dp: 0.009057 -0.001053 -0.008410
dv: 0.364062 -0.042426 -0.337836
dq: 0.999994 0.002700 0.002300 0.000321
1403636589.063555
dp: 0.009160 -0.000931 -0.008264
dv: 0.365741 -0.033165 -0.327547
dq: 0.999991 0.002998 0.003048 0.000120
1403636589.113555
dp: 0.009496 -0.000950 -0.008064
dv: 0.378524 -0.039336 -0.322708
dq: 0.999991 0.002699 0.003177 -0.000582
1403636589.163555
dp: 0.009213 -0.000880 -0.007883
dv: 0.365888 -0.034690 -0.315032
dq: 0.999993 0.002125 0.002981 0.000495
1403636589.213556
dp: 0.009233 -0.001093 -0.007860
dv: 0.367031 -0.042834 -0.313913
dq: 0.999996 0.001919 0.001815 0.000724
1403636589.263556
dp: 0.008763 -0.000610 -0.007659
dv: 0.355067 -0.023434 -0.306010
dq: 0.999998 0.001769 0.000299 0.000568
1403636589.313555
dp: 0.009068 -0.000851 -0.007565
dv: 0.356236 -0.033234 -0.302313
dq: 0.999997 0.002209 -0.000862 -0.000463
1403636589.363555
dp: 0.008783 -0.000624 -0.007607
dv: 0.361502 -0.021538 -0.304485
dq: 0.999996 0.002220 -0.001778 0.000225
1403636589.413555
dp: 0.009275 -0.000399 -0.007714
dv: 0.366635 -0.016382 -0.310991
dq: 0.999997 0.001693 -0.001429 -0.000643
1403636589.463556
dp: 0.009201 -0.000582 -0.008031
dv: 0.363905 -0.024450 -0.318883
dq: 1.000000 0.000791 0.000092 -0.000214
1403636589.513556
dp: 0.008905 -0.000691 -0.007804
dv: 0.359996 -0.027309 -0.316859
dq: 0.999998 0.001038 0.001381 0.001169
1403636589.563555
dp: 0.009059 -0.000495 -0.008015
dv: 0.360519 -0.018123 -0.316324
dq: 0.999996 0.001749 0.001811 0.001261
1403636589.613555
dp: 0.009421 -0.000343 -0.007882
dv: 0.376787 -0.015213 -0.317227
dq: 0.999998 0.000935 0.001860 0.000623
1403636589.663555
dp: 0.008987 -0.000558 -0.007816
dv: 0.358913 -0.018920 -0.314649
dq: 0.999997 0.001313 0.001764 0.000653
1403636589.713556
dp: 0.009261 -0.000372 -0.007859
dv: 0.368740 -0.016234 -0.308782
dq: 0.999998 0.001201 0.001160 0.000902
1403636589.763556
dp: 0.008882 -0.000297 -0.007498
dv: 0.357087 -0.006807 -0.303677
dq: 0.999994 0.003256 0.000047 0.001103
1403636589.813555
dp: 0.009291 0.000221 -0.007651
dv: 0.367466 0.009167 -0.305514
dq: 0.999992 0.003627 -0.001592 0.000473
1403636589.863555
dp: 0.009222 0.000234 -0.007869
dv: 0.372714 0.009132 -0.313626
dq: 0.999990 0.003475 -0.002924 0.000192
1403636589.913555
dp: 0.009025 0.000046 -0.007727
dv: 0.361376 0.002345 -0.313138
dq: 0.999988 0.003923 -0.002783 0.000455
1403636589.963556
dp: 0.009513 0.000037 -0.008102
dv: 0.377695 0.000979 -0.323134
dq: 0.999987 0.004568 -0.001476 0.001521
1403636590.013556
dp: 0.009419 0.000134 -0.008319
dv: 0.386768 0.011617 -0.336405
dq: 0.999989 0.004389 0.000845 0.001181
1403636590.063555
dp: 0.009816 0.000314 -0.008396
dv: 0.383785 0.012735 -0.333392
dq: 0.999990 0.003042 0.003077 0.000830
1403636590.113555
dp: 0.009383 0.000379 -0.008154
dv: 0.379942 0.015831 -0.326054
dq: 0.999987 0.002873 0.004007 0.000951
1403636590.163555
dp: 0.009418 0.000672 -0.008062
dv: 0.373710 0.029874 -0.322906
dq: 0.999987 0.002875 0.003930 0.001593
1403636590.213556
dp: 0.009520 0.000751 -0.008173
dv: 0.379928 0.029425 -0.325690
dq: 0.999995 0.001130 0.002713 0.001151
1403636590.263556
dp: 0.009160 0.000691 -0.007915
dv: 0.366867 0.026760 -0.318041
dq: 0.999999 -0.000150 0.001178 0.001004
1403636590.313555
dp: 0.009474 0.000664 -0.008012
dv: 0.378023 0.026019 -0.318405
dq: 0.999999 -0.001181 -0.000385 0.000886
1403636590.363555
dp: 0.009226 0.000670 -0.007936
dv: 0.370769 0.027530 -0.318576
dq: 0.999995 -0.002407 -0.000561 0.002114
1403636590.413555
dp: 0.009449 0.000664 -0.008022
dv: 0.375344 0.025429 -0.320201
dq: 0.999994 -0.002796 -0.000164 0.001796
1403636590.463556
dp: 0.009516 0.000678 -0.008015
dv: 0.383618 0.025117 -0.322702
dq: 0.999989 -0.003941 0.000813 0.002413
1403636590.513556
dp: 0.009397 0.000247 -0.007969
dv: 0.374196 0.010446 -0.314894
dq: 0.999990 -0.003585 0.001763 0.001748
1403636590.563555
dp: 0.009501 0.000391 -0.007846
dv: 0.380277 0.012147 -0.315399
dq: 0.999988 -0.003887 0.002154 0.001896
1403636590.613555
dp: 0.009246 0.000055 -0.007610
dv: 0.368607 0.003112 -0.302161
dq: 0.999991 -0.002953 0.002141 0.002209
1403636590.663555
dp: 0.009362 0.000078 -0.007463
dv: 0.374098 0.000559 -0.300054
dq: 0.999989 -0.003379 0.001475 0.002774
1403636590.713556
dp: 0.009236 0.000081 -0.007486
dv: 0.367826 0.004340 -0.298263
dq: 0.999991 -0.003020 0.000323 0.002865
1403636590.763556
dp: 0.009217 -0.000316 -0.007281
dv: 0.370097 -0.013439 -0.291990
dq: 0.999988 -0.002800 -0.000959 0.004015
1403636590.813555
dp: 0.009169 -0.000037 -0.007441
dv: 0.366719 0.000024 -0.296018
dq: 0.999989 -0.000777 -0.002176 0.004114
1403636590.863555
dp: 0.009271 -0.000147 -0.007623
dv: 0.372413 -0.006925 -0.308692
dq: 0.999986 -0.001065 -0.002567 0.004404
1403636590.913555
dp: 0.009446 -0.000159 -0.007808
dv: 0.376471 -0.006824 -0.311854
dq: 0.999991 -0.001358 -0.002150 0.003477
1403636590.963556
dp: 0.009045 -0.000570 -0.007968
dv: 0.362431 -0.023193 -0.315583
dq: 0.999995 -0.001700 -0.000706 0.002679
1403636591.013556
dp: 0.009507 -0.000815 -0.007696
dv: 0.379217 -0.034911 -0.311264
dq: 0.999997 -0.000342 0.000482 0.002338
1403636591.063555
dp: 0.009080 -0.000901 -0.007995
dv: 0.364977 -0.032748 -0.319419
dq: 0.999995 0.000923 0.001351 0.002562
1403636591.113555
dp: 0.009506 -0.000847 -0.007981
dv: 0.375564 -0.035028 -0.318529
dq: 0.999995 0.000925 0.001086 0.002644
1403636591.163555
dp: 0.008957 -0.001118 -0.007947
dv: 0.362203 -0.044257 -0.318392
dq: 0.999993 0.000075 0.000535 0.003651
1403636591.213556
dp: 0.009120 -0.001047 -0.007766
dv: 0.360156 -0.042924 -0.309918
dq: 0.999995 -0.000443 -0.000224 0.003077
1403636591.263556
dp: 0.008645 -0.001434 -0.007859
dv: 0.348656 -0.057253 -0.314193
dq: 0.999994 -0.001068 -0.000758 0.003129
1403636591.313555
dp: 0.008894 -0.001548 -0.007780
dv: 0.353743 -0.065009 -0.312458
dq: 0.999994 -0.001787 -0.000907 0.002859
1403636591.363555
dp: 0.008696 -0.001768 -0.008030
dv: 0.348891 -0.071247 -0.320009
dq: 0.999991 -0.002323 -0.000795 0.003377
1403636591.413555
dp: 0.008768 -0.001839 -0.007680
dv: 0.350221 -0.074718 -0.306355
dq: 0.999992 -0.002006 -0.000027 0.003510
1403636591.463556
dp: 0.008996 -0.001570 -0.007778
dv: 0.365014 -0.055075 -0.312025
dq: 0.999992 -0.001014 0.000487 0.003834
1403636591.513556
dp: 0.009214 -0.000958 -0.007912
dv: 0.367712 -0.040700 -0.317546
dq: 0.999992 -0.002698 0.001612 0.002419
1403636591.563555
dp: 0.009237 -0.001232 -0.007898
dv: 0.369063 -0.047738 -0.315749
dq: 0.999967 -0.005611 0.004425 0.003759
1403636591.613555
dp: 0.009365 -0.001130 -0.007870
dv: 0.378653 -0.046680 -0.315947
dq: 0.999936 -0.007605 0.007061 0.004550
1403636591.663555
dp: 0.009345 -0.001712 -0.008267
dv: 0.368043 -0.064242 -0.332147
dq: 0.999921 -0.006387 0.010128 0.003840
1403636591.713556
dp: 0.009846 -0.001122 -0.008151
dv: 0.395065 -0.039827 -0.326098
dq: 0.999920 -0.005237 0.011284 0.002424
1403636591.763556
dp: 0.009937 -0.000636 -0.007942
dv: 0.398895 -0.024642 -0.316650
dq: 0.999919 -0.005464 0.011294 0.002042
1403636591.813555
dp: 0.010167 -0.000396 -0.007513
dv: 0.401423 -0.018861 -0.302008
dq: 0.999913 -0.005637 0.011529 0.002896
1403636591.863555
dp: 0.009749 -0.000339 -0.007201
dv: 0.395731 -0.006910 -0.285051
dq: 0.999938 -0.004632 0.009499 0.003398
1403636591.913555
dp: 0.010199 -0.000188 -0.006820
dv: 0.398588 -0.012164 -0.272634
dq: 0.999962 -0.004569 0.006110 0.004209
1403636591.963556
dp: 0.009962 0.000180 -0.006432
dv: 0.407669 0.011942 -0.253984
dq: 0.999976 -0.003564 0.000849 0.005961
1403636592.013556
dp: 0.010401 0.000489 -0.005899
dv: 0.413470 0.018585 -0.234900
dq: 0.999972 -0.004032 -0.003037 0.005560
1403636592.063555
dp: 0.010697 0.000096 -0.005921
dv: 0.426880 0.004731 -0.238195
dq: 0.999960 -0.005019 -0.003101 0.006653
1403636592.113555
dp: 0.010032 -0.000064 -0.006387
dv: 0.404212 -0.002811 -0.255880
dq: 0.999963 -0.004857 -0.003090 0.006330
1403636592.163555
dp: 0.010306 -0.000187 -0.006407
dv: 0.411062 -0.011225 -0.257622
dq: 0.999964 -0.004538 -0.003596 0.006131
1403636592.213556
dp: 0.009982 -0.000460 -0.006873
dv: 0.404948 -0.019850 -0.274139
dq: 0.999974 -0.003431 -0.004256 0.004650
1403636592.263556
dp: 0.010197 -0.000923 -0.006886
dv: 0.405328 -0.039046 -0.277233
dq: 0.999984 -0.002066 -0.004061 0.003318
1403636592.313555
dp: 0.010050 -0.001028 -0.007023
dv: 0.401258 -0.046746 -0.277062
dq: 0.999990 -0.000070 -0.003638 0.002456
1403636592.363555
dp: 0.009919 -0.001482 -0.006971
dv: 0.396512 -0.055050 -0.284850
dq: 0.999985 0.001926 -0.003200 0.004023
1403636592.413555
dp: 0.010071 -0.001693 -0.007394
dv: 0.401391 -0.068609 -0.292235
dq: 0.999988 0.003993 -0.002475 0.001558
1403636592.463556
dp: 0.009928 -0.001624 -0.007416
dv: 0.393246 -0.067072 -0.300127
dq: 0.999987 0.005087 -0.000097 0.000554
1403636592.513556
dp: 0.009769 -0.001728 -0.007528
dv: 0.389651 -0.067575 -0.301244
dq: 0.999972 0.006789 0.002813 -0.001211
1403636592.563555
dp: 0.009185 -0.001780 -0.007478
dv: 0.364836 -0.073489 -0.300235
dq: 0.999960 0.007149 0.004867 -0.002455
1403636592.613555
dp: 0.009472 -0.001431 -0.007429
dv: 0.377524 -0.055399 -0.296645
dq: 0.999945 0.008126 0.005356 -0.003820
1403636592.663555
dp: 0.008941 -0.001844 -0.007448
dv: 0.362359 -0.073815 -0.300448
dq: 0.999952 0.007484 0.004326 -0.004561
1403636592.713556
dp: 0.009449 -0.001490 -0.007776
dv: 0.370803 -0.061531 -0.310662
dq: 0.999952 0.008445 0.002700 -0.004277
1403636592.763556
dp: 0.008977 -0.002212 -0.007785
dv: 0.366458 -0.087853 -0.315892
dq: 0.999935 0.010536 0.000940 -0.004348
1403636592.813555
dp: 0.009009 -0.001849 -0.008081
dv: 0.350226 -0.075798 -0.322332
dq: 0.999917 0.012410 -0.000243 -0.003581
1403636592.863555
dp: 0.008468 -0.002297 -0.008080
dv: 0.342276 -0.085518 -0.325090
dq: 0.999891 0.014327 -0.001783 -0.003125
1403636592.913555
dp: 0.008705 -0.001649 -0.008407
dv: 0.348531 -0.066508 -0.341644
dq: 0.999895 0.013714 -0.002735 -0.003739
1403636592.963556
dp: 0.008911 -0.002119 -0.008699
dv: 0.351341 -0.080774 -0.347201
dq: 0.999899 0.013421 -0.003078 -0.003573
1403636593.013556
dp: 0.008355 -0.002113 -0.008995
dv: 0.340386 -0.080649 -0.358701
dq: 0.999893 0.013817 -0.003015 -0.003844
1403636593.063555
dp: 0.009037 -0.001445 -0.008560
dv: 0.358827 -0.052040 -0.343792
dq: 0.999904 0.012930 -0.002770 -0.004123
1403636593.113555
dp: 0.008649 -0.001595 -0.009112
dv: 0.343582 -0.067696 -0.364876
dq: 0.999914 0.011877 -0.001913 -0.005241
1403636593.163555
dp: 0.008752 -0.001126 -0.008693
dv: 0.355583 -0.036646 -0.345663
dq: 0.999916 0.012667 -0.001082 -0.002327
1403636593.213556
dp: 0.009121 -0.001161 -0.008657
dv: 0.361029 -0.045827 -0.346639
dq: 0.999935 0.011359 -0.000333 0.000096
1403636593.263556
dp: 0.008607 -0.000338 -0.008642
dv: 0.346389 -0.006038 -0.341946
dq: 0.999931 0.011641 -0.000249 0.001455
1403636593.313555
dp: 0.009344 0.000146 -0.007993
dv: 0.370281 0.008569 -0.321973
dq: 0.999967 0.007836 -0.001733 0.001004
1403636593.363555
dp: 0.008615 0.000428 -0.008334
dv: 0.342918 0.015506 -0.329969
dq: 0.999988 0.004336 -0.002119 0.000201
1403636593.413555
dp: 0.009035 0.000460 -0.007929
dv: 0.361804 0.025713 -0.318071
dq: 0.999995 0.002307 -0.001670 0.001176
1403636593.463556
dp: 0.008919 0.000918 -0.008112
dv: 0.357543 0.033467 -0.323428
dq: 0.999999 -0.000727 -0.001281 0.000692
1403636593.513556
dp: 0.008948 0.000582 -0.007715
dv: 0.361348 0.023564 -0.305437
dq: 0.999988 -0.003530 -0.000943 0.003154
1403636593.563555
dp: 0.009518 0.000291 -0.007595
dv: 0.377811 0.013381 -0.302714
dq: 0.999978 -0.003677 -0.001403 0.005291
1403636593.613555
dp: 0.009161 0.000801 -0.007504
dv: 0.371271 0.025225 -0.301407
dq: 0.999956 -0.005427 -0.002494 0.007185
1403636593.663555
dp: 0.009634 0.000282 -0.007730
dv: 0.381884 0.015783 -0.310795
dq: 0.999934 -0.005965 -0.003031 0.009321
1403636593.713556
dp: 0.009629 0.000537 -0.007671
dv: 0.391105 0.019640 -0.304177
dq: 0.999908 -0.009158 -0.003198 0.009490
1403636593.763556
dp: 0.009877 0.000210 -0.007797
dv: 0.387466 0.009766 -0.315044
dq: 0.999861 -0.011974 -0.001712 0.011444
1403636593.813555
dp: 0.009919 0.000083 -0.007759
dv: 0.403904 -0.000061 -0.308012
dq: 0.999823 -0.014603 0.000762 0.011801
1403636593.863555
dp: 0.010283 -0.000214 -0.007646
dv: 0.406895 -0.010427 -0.306665
dq: 0.999773 -0.016230 0.004011 0.013181
1403636593.913555
dp: 0.010348 -0.000534 -0.007531
dv: 0.414058 -0.019648 -0.297943
dq: 0.999743 -0.017397 0.006369 0.013073
1403636593.963556
dp: 0.010280 -0.000587 -0.007192
dv: 0.411648 -0.026219 -0.289691
dq: 0.999726 -0.018338 0.007584 0.012422
1403636594.013556
dp: -nan -nan -nan
dv: -nan -nan -nan
dq: -nan -nan -nan -nan
1403636594.063555
dp: 0.010436 -0.001030 -0.006538
dv: 0.419842 -0.043539 -0.259851
dq: 0.999746 -0.018597 0.006069 0.011234
1403636594.113555
dp: -nan -nan -nan
dv: -nan -nan -nan
dq: -nan -nan -nan -nan
1403636594.163555
dp: 0.010651 -0.001107 -0.005754
dv: 0.424790 -0.044884 -0.229826
dq: 0.999823 -0.015363 0.001746 0.010674
1403636594.213556
dp: -nan -nan -nan
dv: -nan -nan -nan
dq: -nan -nan -nan -nan
1403636594.263556
dp: 0.010553 -0.001290 -0.005762
dv: 0.422432 -0.052841 -0.233851
dq: 0.999911 -0.011719 0.000394 0.006408
1403636594.313555
dp: -nan -nan -nan
dv: -nan -nan -nan
dq: -nan -nan -nan -nan
1403636594.363555
dp: 0.010150 -0.001419 -0.006343
dv: 0.410960 -0.057384 -0.254784
dq: 0.999959 -0.008507 0.001529 0.002625
1403636594.413555
dp: -nan -nan -nan
dv: -nan -nan -nan
dq: -nan -nan -nan -nan
1403636594.463556
dp: 0.009855 -0.001777 -0.006954
dv: 0.397321 -0.070485 -0.278827
dq: 0.999976 -0.004405 0.005314 -0.000305
1403636594.513556
dp: -nan -nan -nan
dv: -nan -nan -nan
dq: -nan -nan -nan -nan
1403636594.563555
dp: 0.009779 -0.002749 -0.007379
dv: 0.381259 -0.108298 -0.299332
dq: 0.999975 -0.000086 0.006548 0.002645
1403636594.613555
dp: -nan -nan -nan
dv: -nan -nan -nan
dq: -nan -nan -nan -nan
1403636594.663555
dp: 0.008985 -0.003460 -0.008031
dv: 0.355557 -0.137366 -0.323674
dq: 0.999984 0.001937 0.004091 0.003313
1403636594.713556
dp: -nan -nan -nan
dv: -nan -nan -nan
dq: -nan -nan -nan -nan
1403636594.763556
dp: 0.008372 -0.003478 -0.008097
dv: 0.336316 -0.136293 -0.323731
dq: 0.999978 0.006177 0.002319 -0.000489
1403636594.813555
dp: 0.008761 -0.003805 -0.007866
dv: 0.352354 -0.150315 -0.317240
dq: 0.999949 0.009322 0.002272 -0.003236
1403636594.863555
dp: 0.008832 -0.003247 -0.008426
dv: 0.353765 -0.133263 -0.338618
dq: 0.999931 0.010680 0.002296 -0.004271
1403636594.913555
dp: -nan -nan -nan
dv: -nan -nan -nan
dq: -nan -nan -nan -nan
1403636594.963556
dp: -nan -nan -nan
dv: -nan -nan -nan
dq: -nan -nan -nan -nan
1403636595.013556
dp: -nan -nan -nan
dv: -nan -nan -nan
dq: -nan -nan -nan -nan
1403636595.063555
dp: -nan -nan -nan
dv: -nan -nan -nan
dq: -nan -nan -nan -nan
1403636595.113555
dp: -nan -nan -nan
dv: -nan -nan -nan
dq: -nan -nan -nan -nan
1403636595.163555
dp: -nan -nan -nan
dv: -nan -nan -nan
dq: -nan -nan -nan -nan
